3,2
3,1
3,3
10,289
10,91
10,297
10,227
10,249
10,223
10,217
10,155
8,13
8,14
8,10
8,17
8,18
8,16
8,8
8,2
8,3
38,4
38,3
38,2
38,1
38,0
36,4
36,3
36,2
36,1
36,0
35,4
35,1
34,7
34,6
34,5
34,4
34,3
34,1
33,3
33,1
20,3
20,2
20,1
19,3
19,2
19,1
18,3
18,1
14,3
14,1
13,3
13,1
12,3
12,2
12,1
11,29
11,28
11,27
11,26
11,24
11,23
11,22
11,21
11,20
11,19
11,17
11,14
11,13
11,12
11,11
11,10
11,9
11,7
11,6
11,5
11,4
11,3
11,2
11,1
10,295
10,292
10,260
10,257
10,216
10,211
10,205
10,172
10,171
10,162
10,153
10,130
10,81
10,70
